1620 1622 1624 1626 1628 1630 1632 1634 1636 1638 1640 1642 1644 1646 1648 1650 1652 1654 1656 1658 1660 1662 1664 1666 1668 1670 1672 1674 1676 1678 1680 1682 1684 1686 1688 1690 1692 1694 1696 1698
121  112  103  95   88   82   77   72   68   63   60   56   53   51   48   46   44   42   40   38   35   33   31   29   26   24   22   20   18   16   14   12   11   10   9    8    7    7    7    7

1700 1702 1704 1706 1708 1710 1712 1714 1716 1718 1720 1722 1724 1726 1728 1730 1732 1734 1736 1738 1740 1742 1744 1746 1748 1750 1752 1754 1756 1758 1760 1762 1764 1766 1768 1770 1772 1774 1776 1778
7    7    8    8    9    9    9    9    9    10   10   10   10   10   10   10   10   11   11   11   11   11   12   12   12   12   13   13   13   14   14   14   14   15   15   15   15   15   16   16

1780 1782 1784 1786 1788 1790 1792 1794 1796 1798 1800 1802 1804 1806 1808 1810 1812 1814 1816 1818 1820 1822 1824 1826 1828 1830 1832 1834 1836 1838 1840 1842 1844 1846 1848 1850 1852 1854 1856 1858
16   16   16   16   16   16   15   15   14   13   13.1 12.5 12.2 12.0 12.0 12.0 12.0 12.0 12.0 11.9 11.6 11.0 10.2 9.2  8.2  7.1  6.2  5.6  5.4  5.3  5.4  5.6  5.9  6.2  6.5  6.8  7.1  7.3  7.5  7.6

1860 1862 1864 1866 1868 1870 1872 1874 1876 1878 1880 1882 1884 1886 1888 1890 1892 1894 1896 1898 1900 1902 1904 1906 1908 1910 1912 1914 1916 1918 1920 1922 1924 1926 1928 1930 1932 1934 1936 1938
7.7  7.3  6.2  5.2  2.7  1.4  -1.2 -2.8 -3.8 -4.8 -5.5 -5.3 -5.6 -5.7 -5.9 -6.0 -6.3 -6.5 -6.2 -4.7 -2.8 -0.1 2.6  5.3  7.7  10.4 13.3 16.0 18.2 20.2 21.1 22.4 23.5 23.8 24.3 24.0 23.9 23.9 23.7 24.0

1940 1942 1944 1946 1948 1950 1952 1954 1956 1958 1960 1962 1964 1966 1968 1970 1972 1974 1976 1978 1980 1982 1984 1986 1988 1990 1992 1994 1996 1998
24.3 25.3 26.2 27.3 28.2 29.1 30.0 30.7 31.4 32.2 33.1 34.0 35.0 36.5 38.3 40.2 42.2 44.5 46.5 48.5 50.5 52.2 53.8 54.9 55.8 56.9 58.3 60.0 61.6 63.0
